1,"mod1a","a22b2d50h40","weak",3,5,18,20,31,27,32,41,58,52,60,67,71,47,51,43,54,29,15,21,15,6,3,6,11,4,3,4,2,8,4
2,"mod1a","a22b2d50h40","weak",3,2,5,9,16,29,56,46,72,70,72,71,70,66,64,36,42,23,17,10,10,7,5,5,3,4,5,4,2,2,1
3,"mod1a","a22b2d50h40","weak",3,2,9,13,25,41,38,59,55,57,63,59,73,57,72,45,48,37,20,9,12,13,10,8,5,9,4,5,3,4,4
4,"mod1a","a22b2d50h40","weak",3,3,7,15,31,56,47,51,65,79,76,57,77,59,39,39,35,17,14,9,5,12,6,6,6,5,3,4,3,5,1
5,"mod1a","a22b2d50h40","weak",3,2,5,10,15,28,40,34,33,57,52,70,81,66,70,63,59,45,27,22,20,14,9,7,7,9,4,5,3,4,3
6,"mod1a","a22b2d50h40","weak",3,3,8,23,26,49,45,61,78,69,70,80,71,51,39,37,20,21,14,12,9,4,8,4,8,4,6,4,6,2,2
7,"mod1a","a22b2d50h40","weak",3,5,7,14,33,49,34,45,51,62,70,55,78,58,55,37,38,29,16,21,14,7,2,8,8,1,2,1,0,0,1
8,"mod1a","a22b2d50h40","weak",3,6,12,19,36,56,47,55,50,58,70,52,68,58,42,37,39,33,13,19,11,7,7,10,9,8,6,1,1,2,1
9,"mod1a","a22b2d50h40","weak",3,3,1,6,10,15,31,61,37,40,61,59,50,73,63,51,49,38,39,28,24,15,11,9,5,12,6,6,3,6,4
10,"mod1a","a22b2d50h40","weak",3,2,5,13,21,31,60,48,55,70,77,79,73,67,62,50,36,30,15,15,10,6,10,9,6,3,4,7,3,1,1
11,"mod1a","a22b2d50h40","weak",3,3,2,6,12,23,48,39,54,60,64,69,54,68,62,49,44,30,23,14,13,12,4,14,12,5,10,14,5,7,4
12,"mod1a","a22b2d50h40","weak",3,4,5,10,18,32,57,40,67,60,79,67,67,71,52,46,35,34,21,15,11,8,6,8,6,7,3,3,3,0,1
13,"mod1a","a22b2d50h40","weak",3,6,7,10,22,42,67,70,83,68,76,79,62,59,42,38,17,17,7,5,7,9,6,4,2,4,2,2,2,1,1
14,"mod1a","a22b2d50h40","weak",3,7,10,21,42,72,61,71,76,77,60,53,57,52,36,35,19,21,18,12,10,6,5,9,5,3,2,0,1,0,0
15,"mod1a","a22b2d50h40","weak",3,7,8,17,24,43,36,41,52,59,66,67,65,69,55,44,44,29,25,16,16,12,7,11,6,3,9,5,7,4,7
16,"mod1a","a22b2d50h40","weak",3,4,5,10,15,26,47,40,55,68,64,77,77,74,67,52,31,37,26,25,14,14,10,6,7,4,2,5,4,3,1
17,"mod1a","a22b2d50h40","weak",3,5,1,7,20,40,54,45,57,74,73,69,69,55,50,39,39,30,19,14,13,11,5,14,8,8,2,6,5,5,3
18,"mod1a","a22b2d50h40","weak",3,6,8,13,27,37,36,47,56,60,63,65,59,55,74,53,39,34,27,16,10,11,13,8,8,4,9,2,2,2,2
19,"mod1a","a22b2d50h40","weak",3,7,8,24,40,49,58,62,80,71,78,77,61,54,38,25,24,19,14,8,9,2,8,2,8,4,4,6,2,3,4
20,"mod1a","a22b2d50h40","weak",3,2,4,8,15,29,50,54,64,66,65,76,61,72,55,44,41,37,16,11,8,6,9,6,4,3,2,1,2,3,1
1,"mod1a","a22b2d65h40","med",3,5,18,20,31,18,26,35,41,29,30,36,31,27,25,28,19,18,15,10,17,13,11,29,9,8,7,9,7,16,13
2,"mod1a","a22b2d65h40","med",3,2,5,9,16,29,56,34,52,55,41,54,48,44,36,30,19,23,16,20,12,8,8,23,20,19,11,6,5,11,7
3,"mod1a","a22b2d65h40","med",3,2,9,13,25,41,29,30,27,34,27,36,31,45,35,34,33,33,25,22,20,15,18,8,10,10,15,9,15,15,18
4,"mod1a","a22b2d65h40","med",3,3,7,15,31,56,36,38,43,46,45,39,37,30,29,23,16,16,9,17,9,10,16,28,21,15,6,9,6,15,12
5,"mod1a","a22b2d65h40","med",3,2,5,10,15,28,40,26,24,28,28,39,36,37,38,37,29,32,35,27,23,26,25,13,8,7,4,14,9,8,9
6,"mod1a","a22b2d65h40","med",3,3,8,23,26,49,34,41,45,44,38,53,37,29,25,30,25,27,15,15,8,6,24,13,18,5,8,12,11,6,11
7,"mod1a","a22b2d65h40","med",3,5,7,14,33,49,21,36,31,36,37,32,27,26,18,19,31,32,16,16,15,16,11,11,13,19,25,18,4,13,7
8,"mod1a","a22b2d65h40","med",3,6,12,19,36,56,34,46,29,31,38,25,32,28,35,26,22,20,15,9,9,13,31,31,7,12,9,6,11,16,18
9,"mod1a","a22b2d65h40","med",3,3,1,6,10,15,31,61,30,36,42,42,25,45,40,24,35,31,28,21,21,21,12,6,5,17,15,9,12,4,17
10,"mod1a","a22b2d65h40","med",3,2,5,13,21,31,60,34,35,41,44,33,35,40,37,23,29,21,20,16,12,12,6,16,10,11,15,17,24,7,3
11,"mod1a","a22b2d65h40","med",3,3,2,6,12,23,48,21,41,36,35,29,27,34,29,18,13,12,16,14,10,5,22,20,24,15,11,13,10,24,24
12,"mod1a","a22b2d65h40","med",3,4,5,10,18,32,57,29,47,37,54,45,53,42,36,35,19,21,18,8,7,8,11,17,15,18,4,3,11,11,8
13,"mod1a","a22b2d65h40","med",3,6,7,10,22,42,67,51,48,36,38,41,32,33,20,22,23,17,15,11,9,11,20,21,19,8,9,6,20,19,17
14,"mod1a","a22b2d65h40","med",3,7,10,21,42,72,47,57,56,64,41,38,46,38,28,28,21,14,14,5,5,12,13,17,19,1,6,13,8,7,10
15,"mod1a","a22b2d65h40","med",3,7,8,17,24,43,24,30,28,42,26,36,45,38,33,30,26,20,26,21,17,14,14,8,6,13,15,12,18,22,12
16,"mod1a","a22b2d65h40","med",3,4,5,10,15,26,47,27,42,44,42,40,42,40,36,40,31,34,23,26,21,11,16,8,8,17,21,27,3,8,4
17,"mod1a","a22b2d65h40","med",3,5,1,7,20,40,54,34,44,57,44,38,36,52,34,39,29,32,20,25,12,12,4,4,16,9,10,14,10,14,12
18,"mod1a","a22b2d65h40","med",3,6,8,13,27,37,21,26,27,29,23,22,25,29,24,23,34,27,24,21,21,27,15,13,13,16,6,5,19,24,20
19,"mod1a","a22b2d65h40","med",3,7,8,24,40,49,46,48,44,53,45,43,39,31,25,16,18,16,12,9,10,18,17,15,7,6,12,16,7,7,14
20,"mod1a","a22b2d65h40","med",3,2,4,8,15,29,50,38,47,44,44,46,40,40,29,31,22,20,15,12,14,10,7,21,28,26,6,9,6,4,11
1,"mod1a","a22b2d80h40","str",3,5,18,20,31,12,15,15,16,11,3,12,36,48,13,16,14,13,12,9,30,34,9,8,3,7,16,19,26,7,6
2,"mod1a","a22b2d80h40","str",3,2,5,9,16,29,56,20,31,26,21,17,17,11,9,4,25,40,42,11,16,14,9,11,21,29,10,8,5,9,14
3,"mod1a","a22b2d80h40","str",3,2,9,13,25,41,16,24,25,19,13,16,9,13,45,62,27,23,17,13,8,5,26,29,29,9,12,5,4,18,19
4,"mod1a","a22b2d80h40","str",3,3,7,15,31,56,20,18,23,18,14,9,10,5,30,27,9,8,16,7,25,35,7,8,6,7,15,19,17,4,5
5,"mod1a","a22b2d80h40","str",3,2,5,10,15,28,40,17,17,14,11,11,12,37,52,17,20,30,18,10,14,5,4,11,26,28,7,7,11,6,16
6,"mod1a","a22b2d80h40","str",3,3,8,23,26,49,23,19,22,19,22,16,9,14,7,36,52,13,15,13,12,4,20,26,34,8,9,5,9,8,16
7,"mod1a","a22b2d80h40","str",3,5,7,14,33,49,14,15,14,17,4,9,32,33,11,19,20,8,7,11,30,40,10,15,7,6,24,30,33,3,8
8,"mod1a","a22b2d80h40","str",3,6,12,19,36,56,20,18,20,15,12,7,9,44,58,12,18,14,10,7,11,19,22,19,6,2,3,15,9,14,12
9,"mod1a","a22b2d80h40","str",3,3,1,6,10,15,31,61,20,15,14,11,12,53,60,22,21,24,19,11,13,6,4,16,18,28,31,8,4,10,5
10,"mod1a","a22b2d80h40","str",3,2,5,13,21,31,60,20,26,24,21,15,17,15,11,7,10,30,28,8,4,7,25,32,33,14,10,10,7,20,28
11,"mod1a","a22b2d80h40","str",3,3,2,6,12,23,48,16,24,12,9,12,9,33,45,12,6,19,14,26,39,16,9,11,10,23,29,7,7,2,8
12,"mod1a","a22b2d80h40","str",3,4,5,10,18,32,57,19,26,24,22,13,13,11,8,29,37,6,7,16,7,22,31,6,10,8,5,18,21,30,6
13,"mod1a","a22b2d80h40","str",3,6,7,10,22,42,67,27,27,21,24,11,10,9,9,29,37,7,10,11,7,22,25,44,9,11,8,7,26,24,1
14,"mod1a","a22b2d80h40","str",3,7,10,21,42,72,25,36,24,28,11,24,9,16,6,5,20,22,31,9,9,4,5,13,11,17,13,4,2,13,19
15,"mod1a","a22b2d80h40","str",3,7,8,17,24,43,12,20,13,14,6,11,38,55,13,13,13,17,49,13,15,10,8,25,41,16,6,15,5,20,17
16,"mod1a","a22b2d80h40","str",3,4,5,10,15,26,47,19,24,23,15,16,14,13,7,6,36,39,8,18,17,17,5,10,31,34,11,4,8,10,20
17,"mod1a","a22b2d80h40","str",3,5,1,7,20,40,54,21,29,28,20,15,15,18,10,9,9,32,37,14,5,9,10,19,20,21,2,3,2,11,15
18,"mod1a","a22b2d80h40","str",3,6,8,13,27,37,8,15,11,10,33,45,16,23,18,21,12,15,10,11,45,40,14,9,10,9,26,28,10,5,0
19,"mod1a","a22b2d80h40","str",3,7,8,24,40,49,24,24,22,22,17,13,9,5,32,36,11,7,10,6,20,31,24,4,7,9,31,21,10,4,9
20,"mod1a","a22b2d80h40","str",3,2,4,8,15,29,50,16,19,21,28,10,11,15,9,31,47,11,8,12,9,27,37,11,7,9,8,15,21,23,6
1,"mod1b","a22b2d10h40","weak",3,5,18,20,31,30,44,52,64,66,56,59,75,54,47,40,29,34,18,15,13,13,9,4,8,6,7,7,7,5,4
2,"mod1b","a22b2d10h40","weak",3,2,5,9,16,29,56,53,77,89,82,87,79,64,55,55,28,20,16,8,5,4,2,4,2,3,2,1,0,0,1
3,"mod1b","a22b2d10h40","weak",3,2,9,13,25,41,46,57,53,60,62,64,73,67,78,48,42,26,17,25,15,8,8,6,10,10,4,5,4,0,2
4,"mod1b","a22b2d10h40","weak",3,3,7,15,31,56,52,76,84,79,73,64,66,55,45,31,24,22,11,10,4,4,6,1,4,3,6,4,1,0,2
5,"mod1b","a22b2d10h40","weak",3,2,5,10,15,28,40,33,39,60,61,62,72,77,73,61,53,50,40,27,20,10,11,6,3,3,5,6,2,0,1
6,"mod1b","a22b2d10h40","weak",3,3,8,23,26,49,48,60,79,69,79,85,80,46,42,36,33,8,11,11,9,3,6,6,2,2,4,0,1,0,2
7,"mod1b","a22b2d10h40","weak",3,5,7,14,33,49,35,52,53,67,64,57,74,60,66,34,43,18,19,14,15,15,6,5,8,8,2,3,3,0,0
8,"mod1b","a22b2d10h40","weak",3,6,12,19,36,56,49,64,52,65,61,64,65,62,56,45,32,36,23,10,13,5,4,3,2,0,3,0,0,0,0
9,"mod1b","a22b2d10h40","weak",3,3,1,6,10,15,31,61,40,47,66,71,57,65,69,60,52,55,31,29,20,13,12,7,6,7,7,3,6,8,5
10,"mod1b","a22b2d10h40","weak",3,2,5,13,21,31,60,52,62,78,82,83,76,63,49,41,32,21,24,14,10,8,3,10,8,2,1,4,2,0,1
11,"mod1b","a22b2d10h40","weak",3,3,2,6,12,23,48,45,55,69,79,67,63,65,61,47,45,33,23,19,9,9,10,5,4,3,8,3,1,3,3
12,"mod1b","a22b2d10h40","weak",3,4,5,10,18,32,57,38,61,73,85,78,72,80,57,45,42,32,17,12,13,6,2,8,3,3,2,6,0,1,0
13,"mod1b","a22b2d10h40","weak",3,6,7,10,22,42,67,77,80,70,86,87,65,55,46,36,24,14,13,10,7,7,6,8,7,3,3,3,3,0,1
14,"mod1b","a22b2d10h40","weak",3,7,10,21,42,72,65,83,81,88,76,61,58,46,37,31,23,21,11,7,7,11,4,1,5,0,1,1,0,0,0
15,"mod1b","a22b2d10h40","weak",3,7,8,17,24,43,36,45,44,61,65,67,61,62,53,52,46,34,34,23,16,20,10,7,4,7,7,5,8,3,5
16,"mod1b","a22b2d10h40","weak",3,4,5,10,15,26,47,43,63,65,77,77,75,70,61,54,32,38,25,14,13,13,9,7,5,11,6,3,4,4,3
17,"mod1b","a22b2d10h40","weak",3,5,1,7,20,40,54,53,65,84,69,87,82,49,49,34,38,24,20,17,6,7,7,8,5,2,4,4,1,0,2
18,"mod1b","a22b2d10h40","weak",3,6,8,13,27,37,43,55,49,54,57,59,68,65,64,47,42,32,22,18,16,12,16,1,4,6,9,2,5,2,3
19,"mod1b","a22b2d10h40","weak",3,7,8,24,40,49,64,73,86,76,63,85,62,55,44,28,19,19,12,9,2,12,5,2,2,3,3,5,1,2,1
20,"mod1b","a22b2d10h40","weak",3,2,4,8,15,29,50,57,73,81,85,83,68,63,57,45,25,31,27,14,9,8,8,3,5,4,3,4,4,1,1
1,"mod1b","a22b2d15h40","med",3,5,18,20,31,19,30,29,38,31,27,36,27,27,31,30,27,19,23,15,27,15,13,15,10,8,21,14,20,5,9
2,"mod1b","a22b2d15h40","med",3,2,5,9,16,29,56,40,58,66,48,58,58,62,40,41,21,18,17,7,5,12,11,8,10,7,11,8,9,11,10
3,"mod1b","a22b2d15h40","med",3,2,9,13,25,41,37,42,40,41,37,33,37,38,33,24,20,32,25,16,20,13,11,11,8,10,14,16,14,19,14
4,"mod1b","a22b2d15h40","med",3,3,7,15,31,56,38,48,50,49,45,49,46,34,33,25,17,18,16,9,9,6,14,13,11,17,12,6,21,17,16
5,"mod1b","a22b2d15h40","med",3,2,5,10,15,28,40,23,29,35,28,39,35,36,37,40,36,43,43,30,32,28,25,17,12,9,9,17,10,14,15
6,"mod1b","a22b2d15h40","med",3,3,8,23,26,49,36,42,49,45,34,51,34,31,31,26,24,25,18,17,7,6,14,14,17,14,6,2,6,4,7
7,"mod1b","a22b2d15h40","med",3,5,7,14,33,49,27,33,30,42,32,36,30,28,20,27,36,37,27,27,17,14,20,16,4,7,15,10,16,15,2
8,"mod1b","a22b2d15h40","med",3,6,12,19,36,56,36,41,38,35,36,34,48,25,41,35,21,27,21,17,8,11,6,21,25,21,5,12,10,9,9
9,"mod1b","a22b2d15h40","med",3,3,1,6,10,15,31,61,32,40,44,29,28,38,39,30,38,30,33,24,26,25,14,9,9,6,9,10,12,18,19
10,"mod1b","a22b2d15h40","med",3,2,5,13,21,31,60,40,43,49,50,41,34,35,38,33,25,23,26,14,14,9,10,13,10,12,8,8,7,15,16
11,"mod1b","a22b2d15h40","med",3,3,2,6,12,23,48,32,45,41,47,41,36,34,32,27,22,19,17,20,15,13,7,8,19,20,17,11,14,8,6
12,"mod1b","a22b2d15h40","med",3,4,5,10,18,32,57,28,41,41,65,40,47,40,39,34,24,24,26,11,10,9,10,13,16,20,23,7,7,7,12
13,"mod1b","a22b2d15h40","med",3,6,7,10,22,42,67,56,51,48,42,54,47,36,29,30,28,25,18,12,12,5,8,21,12,19,7,7,8,11,8
14,"mod1b","a22b2d15h40","med",3,7,10,21,42,72,51,55,55,57,39,33,44,43,26,27,17,13,16,6,6,12,12,10,7,15,14,13,15,6,7
15,"mod1b","a22b2d15h40","med",3,7,8,17,24,43,27,32,30,44,32,35,29,36,30,36,21,33,24,15,23,13,14,14,11,2,13,15,17,17,9
16,"mod1b","a22b2d15h40","med",3,4,5,10,15,26,47,33,49,42,46,36,48,38,43,40,35,31,23,22,16,16,14,13,3,9,14,8,13,8,10
17,"mod1b","a22b2d15h40","med",3,5,1,7,20,40,54,38,37,47,44,44,40,49,39,36,24,27,20,18,15,17,9,13,6,13,16,12,15,9,5
18,"mod1b","a22b2d15h40","med",3,6,8,13,27,37,25,30,27,26,27,30,24,36,30,33,34,28,26,16,18,20,13,8,7,11,24,21,9,9,12
19,"mod1b","a22b2d15h40","med",3,7,8,24,40,49,42,55,51,54,48,55,49,40,34,22,21,18,14,12,9,6,14,11,10,8,9,8,8,4,15
20,"mod1b","a22b2d15h40","med",3,2,4,8,15,29,50,45,44,50,59,41,33,47,37,35,28,24,23,14,14,11,9,19,17,20,8,9,5,15,9
1,"mod1b","a22b2d20h40","str",3,5,18,20,31,17,17,22,25,20,17,17,18,11,11,8,30,42,11,15,14,9,27,35,7,11,12,11,17,20,23
2,"mod1b","a22b2d20h40","str",3,2,5,9,16,29,56,27,37,36,26,28,28,23,21,13,8,11,5,14,19,34,44,8,15,12,13,16,26,11,6
3,"mod1b","a22b2d20h40","str",3,2,9,13,25,41,24,27,27,22,15,23,16,17,14,9,15,35,51,15,24,19,18,15,13,10,8,14,15,34,18
4,"mod1b","a22b2d20h40","str",3,3,7,15,31,56,25,27,24,23,20,14,18,14,15,5,8,23,25,39,19,19,15,15,6,8,23,28,29,8,4
5,"mod1b","a22b2d20h40","str",3,2,5,10,15,28,40,16,16,16,20,19,20,16,13,22,17,16,12,13,11,6,23,38,40,18,14,10,10,5,24
6,"mod1b","a22b2d20h40","str",3,3,8,23,26,49,31,33,36,36,29,33,17,20,14,10,5,7,11,17,23,34,10,12,5,7,22,27,32,13,13
7,"mod1b","a22b2d20h40","str",3,5,7,14,33,49,16,25,19,20,12,20,15,10,11,17,49,46,22,21,22,15,10,16,6,3,13,17,25,32,18
8,"mod1b","a22b2d20h40","str",3,6,12,19,36,56,25,27,29,21,21,18,16,19,14,10,13,9,28,40,19,13,8,9,20,25,37,10,15,7,11
9,"mod1b","a22b2d20h40","str",3,3,1,6,10,15,31,61,26,32,28,26,18,17,15,17,16,9,7,12,20,25,39,7,13,14,19,27,14,13,11
10,"mod1b","a22b2d20h40","str",3,2,5,13,21,31,60,31,33,35,30,24,20,21,22,12,12,9,8,21,26,30,10,5,10,12,14,14,19,28,9
11,"mod1b","a22b2d20h40","str",3,3,2,6,12,23,48,24,33,22,22,21,16,13,9,6,21,38,50,13,22,17,14,9,9,35,28,15,15,16,9
12,"mod1b","a22b2d20h40","str",3,4,5,10,18,32,57,25,29,38,35,21,25,16,26,14,15,9,3,25,32,35,10,18,14,7,14,20,25,5,9
13,"mod1b","a22b2d20h40","str",3,6,7,10,22,42,67,44,40,28,25,23,19,17,13,12,14,11,22,36,16,12,6,10,21,27,30,10,11,7,3
14,"mod1b","a22b2d20h40","str",3,7,10,21,42,72,39,42,32,46,25,25,24,22,17,14,12,8,9,20,23,28,14,8,9,16,26,17,11,2,4
15,"mod1b","a22b2d20h40","str",3,7,8,17,24,43,16,20,21,15,16,12,18,10,13,31,12,18,13,15,10,8,25,39,20,13,24,11,9,15,8
16,"mod1b","a22b2d20h40","str",3,4,5,10,15,26,47,23,42,34,23,23,27,28,18,22,16,18,8,7,16,18,32,14,12,14,7,14,25,17,7
17,"mod1b","a22b2d20h40","str",3,5,1,7,20,40,54,34,32,32,32,23,22,21,19,7,12,16,20,30,14,11,11,9,20,13,18,4,3,14,6
18,"mod1b","a22b2d20h40","str",3,6,8,13,27,37,17,22,30,16,14,17,11,21,16,16,15,13,12,11,40,47,16,24,23,16,13,9,6,20,19
19,"mod1b","a22b2d20h40","str",3,7,8,24,40,49,30,34,33,44,31,23,35,18,14,15,19,9,6,6,14,11,20,26,4,4,4,20,21,29,6
20,"mod1b","a22b2d20h40","str",3,2,4,8,15,29,50,33,26,29,32,21,19,23,22,9,12,11,8,29,39,15,9,16,8,23,29,16,13,7,8
1,"mod2a","a24b2d005","weak",3,5,20,22,31,42,61,75,84,67,53,49,53,44,33,30,29,17,23,26,17,12,11,10,12,5,4,4,1,4,4
2,"mod2a","a24b2d005","weak",3,2,5,9,16,29,53,65,98,95,52,51,55,41,48,41,42,24,24,19,10,12,9,8,5,6,10,4,8,2,7
3,"mod2a","a24b2d005","weak",3,3,9,17,29,48,73,90,72,61,52,46,50,50,38,52,38,31,21,21,16,14,9,5,4,4,3,4,2,2,2
4,"mod2a","a24b2d005","weak",3,3,7,17,29,54,86,86,65,53,40,49,49,43,40,32,34,19,18,19,18,19,14,8,6,3,5,2,4,2,1
5,"mod2a","a24b2d005","weak",3,2,5,10,16,26,31,47,61,70,78,65,73,57,53,40,44,35,37,28,16,16,14,13,9,6,6,5,5,2,2
6,"mod2a","a24b2d005","weak",3,3,8,23,29,49,76,87,82,50,52,44,59,38,44,32,32,11,29,17,11,13,15,4,9,6,5,1,6,3,3
7,"mod2a","a24b2d005","weak",3,5,9,13,32,42,71,84,68,64,66,36,38,54,39,38,25,33,19,15,12,16,14,12,8,12,8,5,6,5,0
8,"mod2a","a24b2d005","weak",3,6,13,18,34,44,72,79,53,44,60,54,53,50,40,34,30,39,24,18,11,14,9,5,8,3,4,4,2,2,3
9,"mod2a","a24b2d005","weak",3,3,3,5,9,16,36,61,89,92,75,60,48,40,43,44,30,25,25,33,21,24,15,8,13,12,4,3,6,2,2
10,"mod2a","a24b2d005","weak",3,2,5,14,22,36,50,68,75,67,67,58,52,55,50,39,34,30,19,17,16,13,12,5,11,5,3,4,4,1,2
11,"mod2a","a24b2d005","weak",3,3,2,7,12,25,43,59,77,78,70,48,41,42,46,39,31,31,33,19,16,23,15,13,18,12,6,17,12,8,2
12,"mod2a","a24b2d005","weak",3,4,6,14,23,42,53,74,81,67,63,58,59,58,46,34,27,24,24,15,10,15,14,9,5,6,10,6,2,1,1
13,"mod2a","a24b2d005","weak",3,6,7,10,22,41,57,79,91,62,51,64,47,59,31,32,28,20,24,21,16,12,10,6,5,8,2,2,4,2,2
14,"mod2a","a24b2d005","weak",3,7,10,21,42,63,72,84,75,59,45,36,45,45,41,35,24,26,25,20,13,20,11,7,4,8,2,3,4,3,2
15,"mod2a","a24b2d005","weak",3,7,10,16,26,49,62,72,68,63,67,60,50,46,37,44,31,23,23,18,18,10,5,6,2,1,2,1,1,0,0
16,"mod2a","a24b2d005","weak",3,4,5,11,16,25,49,62,92,85,58,54,58,51,48,37,35,29,32,20,24,16,17,15,6,8,7,3,4,3,1
17,"mod2a","a24b2d005","weak",3,6,5,14,43,56,73,83,72,60,55,49,48,49,30,35,36,19,24,21,16,14,7,7,13,9,8,2,6,5,3
18,"mod2a","a24b2d005","weak",3,7,8,12,25,42,66,76,74,61,53,42,33,42,43,46,46,36,20,26,15,9,12,15,7,5,8,7,5,5,2
19,"mod2a","a24b2d005","weak",3,7,9,26,46,61,88,80,78,52,48,59,54,36,36,37,17,19,19,11,12,8,7,7,4,4,5,3,4,1,3
20,"mod2a","a24b2d005","weak",3,2,6,10,20,45,55,79,83,77,72,53,49,37,42,36,39,24,23,22,18,7,16,7,8,3,4,1,2,1,2
1,"mod2a","a24b2d01","med",3,5,19,21,33,35,34,49,48,41,32,33,32,27,28,38,29,21,20,19,21,19,25,24,13,20,16,11,8,14,9
2,"mod2a","a24b2d01","med",3,2,5,9,16,27,45,52,59,50,24,39,27,31,31,22,26,23,32,25,14,17,20,17,13,18,13,11,12,10,11
3,"mod2a","a24b2d01","med",3,3,9,15,20,26,32,51,47,41,27,42,37,43,43,32,27,29,29,25,19,15,24,17,17,16,9,14,8,14,6
4,"mod2a","a24b2d01","med",3,3,7,16,32,50,70,56,34,24,27,31,36,30,28,26,25,23,23,22,26,16,15,11,13,11,19,8,15,11,12
5,"mod2a","a24b2d01","med",3,2,5,10,14,19,41,43,36,41,29,40,44,42,34,38,29,34,28,25,20,26,20,27,21,15,16,18,10,6,8
6,"mod2a","a24b2d01","med",3,3,8,23,24,42,54,53,46,34,27,39,33,31,29,28,34,30,19,21,18,14,19,10,18,14,12,13,9,7,5
7,"mod2a","a24b2d01","med",3,5,9,13,29,37,48,52,43,39,33,27,39,33,18,25,29,33,37,21,13,15,10,19,16,13,15,15,9,12,12
8,"mod2a","a24b2d01","med",3,6,13,17,29,42,50,43,35,28,38,39,43,33,39,23,24,29,28,15,14,22,20,21,19,12,6,7,9,5,4
9,"mod2a","a24b2d01","med",3,3,2,5,10,14,27,53,57,54,41,30,24,40,34,25,33,33,25,23,25,22,26,16,18,18,17,12,5,13,10
10,"mod2a","a24b2d01","med",3,2,5,13,21,25,45,52,42,43,39,41,35,44,36,32,27,24,28,19,20,16,14,14,9,7,8,8,9,13,9
11,"mod2a","a24b2d01","med",3,3,2,6,12,23,41,57,50,46,29,21,26,32,42,25,24,30,22,30,37,29,16,17,12,19,18,11,12,12,6
12,"mod2a","a24b2d01","med",3,4,6,12,19,35,40,42,42,34,51,44,48,29,25,28,25,27,37,26,16,16,22,17,15,16,9,11,13,9,8
13,"mod2a","a24b2d01","med",3,6,7,10,21,34,44,56,47,26,25,38,38,34,28,44,33,23,24,21,19,26,20,17,14,13,8,13,11,13,10
14,"mod2a","a24b2d01","med",3,7,10,20,28,52,54,55,34,39,23,41,39,41,33,28,27,17,12,22,28,18,20,13,10,13,15,9,15,16,7
15,"mod2a","a24b2d01","med",3,7,9,17,19,35,43,51,36,36,31,40,40,45,31,34,24,24,30,32,25,31,20,13,15,14,13,9,5,6,10
16,"mod2a","a24b2d01","med",3,4,5,10,15,23,35,39,52,54,37,35,34,34,38,49,43,27,28,24,16,15,21,12,18,12,16,13,12,11,9
17,"mod2a","a24b2d01","med",3,6,4,14,37,45,47,48,43,37,31,28,33,38,31,24,25,33,22,29,14,18,25,25,21,11,18,16,12,10,12
18,"mod2a","a24b2d01","med",3,7,8,10,26,30,39,39,42,36,34,26,45,48,45,30,25,31,24,20,23,16,22,21,23,18,14,15,10,12,14
19,"mod2a","a24b2d01","med",3,7,9,25,38,51,60,43,36,33,36,39,44,28,26,23,23,27,20,24,21,15,17,15,11,12,10,12,12,7,4
20,"mod2a","a24b2d01","med",3,2,6,10,19,39,51,54,40,37,36,40,33,43,29,35,21,28,23,14,22,17,22,14,23,15,13,10,13,13,10
1,"mod2a","a24b2d015","str",3,5,19,20,16,25,30,34,41,26,14,20,18,23,28,35,29,20,10,23,29,24,19,17,22,10,11,5,13,10,15
2,"mod2a","a24b2d015","str",3,2,5,9,15,22,35,36,42,38,22,37,24,23,24,13,14,26,20,13,14,19,16,18,14,16,20,16,17,15,10
3,"mod2a","a24b2d015","str",3,3,9,15,20,25,29,32,32,27,30,33,24,36,19,25,32,27,21,20,19,17,22,20,23,13,15,7,12,15,11
4,"mod2a","a24b2d015","str",3,3,7,15,29,43,46,33,14,20,21,31,33,21,26,25,17,21,26,28,23,16,17,19,17,28,11,8,12,10,11
5,"mod2a","a24b2d015","str",3,2,5,10,14,19,36,38,39,24,15,23,27,32,22,27,24,27,24,15,16,20,11,15,11,20,22,18,19,12,10
6,"mod2a","a24b2d015","str",3,3,8,23,24,39,42,35,30,20,26,36,25,21,20,21,21,27,18,16,19,22,15,17,6,14,13,20,12,16,16
7,"mod2a","a24b2d015","str",3,5,9,12,23,25,33,34,28,34,26,25,21,16,22,29,38,26,13,17,22,22,25,19,21,18,10,14,11,8,16
8,"mod2a","a24b2d015","str",3,6,13,17,26,33,37,34,28,24,24,23,20,34,32,20,21,15,15,15,27,25,13,12,9,13,13,15,9,10,10
9,"mod2a","a24b2d015","str",3,3,2,5,10,13,22,39,35,36,25,28,20,32,20,26,21,24,27,19,16,14,17,16,12,23,25,15,15,15,22
10,"mod2a","a24b2d015","str",3,2,5,13,21,23,34,30,29,29,29,23,26,24,26,27,24,26,21,18,16,11,14,13,17,18,13,13,12,12,15
11,"mod2a","a24b2d015","str",3,3,2,6,12,21,30,32,34,22,16,21,24,27,22,18,14,25,27,25,19,20,20,16,14,24,16,11,14,14,17
12,"mod2a","a24b2d015","str",3,4,5,10,14,21,31,27,43,29,31,26,26,26,18,22,26,12,17,20,27,21,16,14,17,22,22,10,15,21,21
13,"mod2a","a24b2d015","str",3,6,7,9,20,28,37,40,26,19,29,25,28,24,26,30,22,21,18,22,19,21,11,19,15,20,19,14,14,17,19
14,"mod2a","a24b2d015","str",3,7,10,18,26,29,39,41,29,24,20,22,25,29,28,20,17,25,20,15,11,29,26,19,13,14,7,13,14,14,13
15,"mod2a","a24b2d015","str",3,7,9,16,14,31,32,37,32,25,24,24,26,33,29,17,17,22,23,23,25,22,29,18,9,16,22,18,9,9,12
16,"mod2a","a24b2d015","str",3,4,5,9,15,22,33,32,40,30,22,25,25,28,26,32,31,26,22,25,21,19,23,23,16,16,17,12,8,12,11
17,"mod2a","a24b2d015","str",3,6,4,14,33,43,34,38,23,24,22,23,23,28,26,21,28,24,20,15,24,20,21,20,18,6,7,6,9,6,4
18,"mod2a","a24b2d015","str",3,7,8,8,25,22,25,41,26,25,25,18,22,38,33,24,28,18,17,22,20,26,21,14,21,21,18,15,11,15,15
19,"mod2a","a24b2d015","str",3,7,8,22,31,42,37,32,20,28,37,32,27,16,16,28,24,18,20,20,15,19,14,13,14,9,12,10,18,11,10
20,"mod2a","a24b2d015","str",3,2,5,9,16,29,37,44,29,21,24,23,25,25,30,25,27,18,18,21,25,29,20,19,13,12,12,11,24,18,10
1,"mod2b","a24b2d001","weak",3,5,20,22,31,42,60,68,71,58,38,36,55,34,34,23,26,37,26,24,16,20,12,10,8,15,5,5,4,3,4
2,"mod2b","a24b2d001","weak",3,2,5,9,16,28,49,74,89,72,54,41,46,37,49,31,41,38,22,20,12,12,12,13,11,8,8,6,5,4,2
3,"mod2b","a24b2d001","weak",3,3,9,16,29,35,56,80,65,54,44,48,53,40,39,43,37,32,28,20,25,18,21,16,8,11,6,3,6,4,3
4,"mod2b","a24b2d001","weak",3,3,7,17,28,52,69,74,65,47,43,43,40,40,43,44,29,17,27,21,18,21,11,15,7,14,7,2,9,6,4
5,"mod2b","a24b2d001","weak",3,2,5,10,16,26,31,45,55,68,69,73,50,55,40,34,45,32,29,24,20,13,26,17,12,14,11,8,8,8,5
6,"mod2b","a24b2d001","weak",3,3,8,23,24,47,77,71,60,51,41,59,56,49,28,30,24,23,23,23,17,19,11,17,20,9,8,2,3,3,2
7,"mod2b","a24b2d001","weak",3,5,9,13,32,38,53,69,56,52,63,44,62,38,42,18,20,24,27,23,26,21,15,14,8,5,4,5,1,1,0
8,"mod2b","a24b2d001","weak",3,6,13,18,31,49,69,65,58,47,44,35,42,44,42,33,31,26,23,22,22,19,14,17,8,10,6,4,2,4,4
9,"mod2b","a24b2d001","weak",3,3,3,5,9,16,35,62,72,69,70,52,32,38,52,37,28,33,31,28,18,25,23,22,11,16,9,8,4,4,7
10,"mod2b","a24b2d001","weak",3,2,5,14,23,36,54,63,65,62,47,48,41,49,49,42,33,35,28,28,20,24,16,14,9,10,5,4,3,3,2
11,"mod2b","a24b2d001","weak",3,3,2,7,13,23,41,52,71,74,69,40,27,35,36,39,30,24,23,25,24,27,23,24,15,14,13,4,8,7,8
12,"mod2b","a24b2d001","weak",3,4,6,13,23,38,49,61,67,66,52,54,46,57,41,34,29,29,21,24,18,17,19,9,8,6,2,5,4,5,6
13,"mod2b","a24b2d001","weak",3,6,7,10,21,39,59,82,76,45,37,47,45,49,40,29,28,37,28,23,18,13,13,11,9,5,6,5,5,4,6
14,"mod2b","a24b2d001","weak",3,7,10,21,41,66,76,67,61,56,50,38,44,39,35,29,32,23,24,21,17,9,9,8,5,10,4,7,8,3,3
15,"mod2b","a24b2d001","weak",3,7,10,16,25,47,53,59,57,56,66,47,54,49,49,32,32,32,31,19,16,7,7,8,9,6,5,2,2,2,4
16,"mod2b","a24b2d001","weak",3,4,5,11,16,24,39,55,72,66,55,62,48,51,43,48,41,35,34,32,25,20,17,16,14,5,7,4,2,1,1
17,"mod2b","a24b2d001","weak",3,6,5,14,43,58,75,78,58,50,48,41,48,40,26,38,27,22,31,28,22,18,15,11,8,11,6,5,0,4,2
18,"mod2b","a24b2d001","weak",3,7,8,11,27,40,57,60,64,47,49,42,42,41,47,49,44,28,25,24,25,24,16,12,13,11,6,10,2,4,3
19,"mod2b","a24b2d001","weak",3,7,9,26,45,56,85,78,57,51,37,57,48,35,39,26,25,23,26,18,19,14,8,12,10,3,12,7,5,3,4
20,"mod2b","a24b2d001","weak",3,2,6,10,21,37,56,71,68,66,47,49,35,40,42,44,32,32,17,24,15,16,11,7,11,9,9,8,7,5,5
1,"mod2b","a24b2d0015","med",3,5,20,22,29,30,53,41,48,33,24,40,31,32,32,33,36,32,20,24,20,17,21,16,26,13,18,10,12,9,9
2,"mod2b","a24b2d0015","med",3,2,5,9,15,22,41,55,77,52,35,38,34,38,33,27,22,18,28,26,20,19,14,22,20,14,13,14,9,5,10
3,"mod2b","a24b2d0015","med",3,3,9,16,28,35,49,56,41,41,36,33,33,36,40,30,32,31,33,28,24,20,21,18,17,12,12,7,16,5,13
4,"mod2b","a24b2d0015","med",3,3,7,17,28,49,59,55,41,36,28,32,38,34,26,22,19,29,24,24,25,24,25,25,25,14,13,19,13,16,10
5,"mod2b","a24b2d0015","med",3,2,5,10,15,21,30,47,45,43,32,46,48,51,32,42,47,33,27,34,18,20,26,19,17,19,15,5,5,7,10
6,"mod2b","a24b2d0015","med",3,3,8,23,24,45,57,51,49,34,31,39,30,32,29,35,36,29,29,26,22,16,15,23,6,13,12,9,8,6,4
7,"mod2b","a24b2d0015","med",3,5,9,12,23,28,42,53,47,45,37,32,38,31,29,32,34,36,33,21,16,25,19,17,18,18,9,16,8,10,4
8,"mod2b","a24b2d0015","med",3,6,13,17,28,43,64,54,36,28,42,32,35,26,41,39,29,26,25,22,10,15,17,17,18,19,13,8,11,10,8
9,"mod2b","a24b2d0015","med",3,3,3,5,8,15,23,45,66,62,58,43,26,32,31,16,32,33,30,22,21,24,21,21,9,13,15,14,10,7,11
10,"mod2b","a24b2d0015","med",3,2,5,13,21,24,44,52,43,46,39,50,44,40,39,40,30,28,28,20,18,14,22,16,14,12,17,11,5,7,6
11,"mod2b","a24b2d0015","med",3,3,2,6,12,22,31,39,50,47,43,41,35,31,32,34,19,22,28,24,28,27,19,23,26,18,26,21,16,13,9
12,"mod2b","a24b2d0015","med",3,4,6,13,23,36,41,51,56,36,49,45,41,36,29,28,19,25,24,29,15,18,11,26,20,7,13,8,8,9,7
13,"mod2b","a24b2d0015","med",3,6,7,10,21,35,45,58,59,38,31,36,36,40,30,24,27,19,25,26,26,33,26,18,16,19,18,9,7,12,11
14,"mod2b","a24b2d0015","med",3,7,10,19,33,48,63,56,47,42,25,29,32,39,37,32,30,29,19,19,18,19,15,16,14,10,14,17,7,8,11
15,"mod2b","a24b2d0015","med",3,7,10,16,25,41,44,49,44,41,39,36,37,46,31,36,32,33,26,28,23,19,27,23,16,14,12,9,11,5,6
16,"mod2b","a24b2d0015","med",3,4,5,10,15,24,37,50,61,54,40,30,37,36,29,30,32,28,34,34,23,21,23,21,13,14,14,14,13,15,6
17,"mod2b","a24b2d0015","med",3,6,5,14,41,52,54,63,45,35,28,27,37,38,30,35,26,26,29,14,29,13,19,16,16,23,12,9,9,8,7
18,"mod2b","a24b2d0015","med",3,7,8,10,26,30,37,46,47,41,37,23,25,38,50,35,37,33,27,26,25,11,20,18,21,19,14,12,11,6,12
19,"mod2b","a24b2d0015","med",3,7,9,25,39,55,61,45,43,40,31,43,45,33,28,24,27,24,26,22,23,16,15,15,7,7,7,12,0,8,9
20,"mod2b","a24b2d0015","med",3,2,6,10,20,42,48,64,52,46,38,30,26,41,29,31,31,21,25,15,20,18,18,18,12,16,17,15,11,11,12
1,"mod2b","a24b2d002","str",3,5,19,22,26,31,34,38,37,35,19,39,20,21,27,27,33,26,26,18,19,30,18,19,16,10,13,13,5,6,6
2,"mod2b","a24b2d002","str",3,2,5,9,15,22,36,46,50,45,32,39,36,36,23,19,19,19,29,21,17,18,22,20,20,19,20,15,17,17,12
3,"mod2b","a24b2d002","str",3,3,9,16,24,33,43,38,36,19,22,33,35,43,33,21,26,37,31,16,14,14,16,16,21,27,19,12,14,18,15
4,"mod2b","a24b2d002","str",3,3,7,16,32,47,61,41,24,14,27,25,32,32,21,17,22,25,23,15,27,24,20,19,16,20,27,19,13,10,8
5,"mod2b","a24b2d002","str",3,2,5,10,14,19,36,38,39,37,18,31,26,28,25,31,32,28,34,31,20,32,22,15,17,18,17,22,16,23,15
6,"mod2b","a24b2d002","str",3,3,8,23,24,44,49,40,44,21,28,39,33,31,24,25,23,24,19,16,14,20,17,20,15,22,15,9,17,16,9
7,"mod2b","a24b2d002","str",3,5,9,12,23,26,36,47,31,27,18,25,28,22,27,29,43,36,21,15,17,22,18,22,14,18,23,14,19,10,14
8,"mod2b","a24b2d002","str",3,6,13,17,26,39,45,40,28,27,31,30,28,26,35,17,17,17,20,19,31,25,24,17,19,14,13,11,11,14,6
9,"mod2b","a24b2d002","str",3,3,2,5,11,21,37,49,48,40,25,20,28,42,32,26,21,23,23,18,20,21,15,16,22,11,10,15,23,17,19
10,"mod2b","a24b2d002","str",3,2,5,13,21,24,41,46,34,30,26,42,38,42,23,19,23,28,33,24,20,14,14,15,8,16,18,16,13,9,8
11,"mod2b","a24b2d002","str",3,3,2,6,12,22,31,33,42,34,24,29,27,35,23,24,16,19,24,35,16,16,23,20,13,14,16,18,20,17,22
12,"mod2b","a24b2d002","str",3,4,5,11,15,27,34,42,46,48,35,19,24,20,33,33,29,26,15,17,18,23,18,12,16,15,16,21,25,20,15
13,"mod2b","a24b2d002","str",3,6,7,9,20,29,31,54,41,27,22,35,27,29,24,37,29,25,14,23,19,21,22,9,18,17,10,19,16,12,18
14,"mod2b","a24b2d002","str",3,7,10,19,31,49,44,43,23,30,14,38,43,40,37,27,21,17,20,22,12,17,13,10,7,15,16,10,10,4,7
15,"mod2b","a24b2d002","str",3,7,10,16,22,35,37,34,24,35,32,36,34,38,29,23,19,17,23,22,29,22,20,20,16,9,11,11,14,20,16
16,"mod2b","a24b2d002","str",3,4,5,10,15,22,38,40,44,38,32,32,20,30,32,40,32,25,25,17,24,26,11,19,20,18,20,19,20,21,6
17,"mod2b","a24b2d002","str",3,6,5,13,35,46,40,42,31,32,29,27,23,33,31,28,27,20,28,23,18,20,26,15,14,11,13,15,10,7,7
18,"mod2b","a24b2d002","str",3,7,8,10,26,30,31,40,44,40,33,16,27,40,43,27,20,16,22,23,20,24,23,23,16,16,15,14,17,15,14
19,"mod2b","a24b2d002","str",3,7,9,24,34,36,48,44,31,26,33,28,35,26,27,19,22,25,15,17,16,18,20,15,23,15,19,13,10,12,11
20,"mod2b","a24b2d002","str",3,2,6,10,18,37,42,55,49,26,21,27,22,32,26,31,25,25,21,24,20,18,20,17,15,10,19,14,10,10,7
1,"mod3a","a24b2d80d02","weak",3,5,19,20,16,27,38,40,48,38,22,35,22,21,24,25,26,22,25,14,19,29,17,15,17,18,18,12,3,7,4
2,"mod3a","a24b2d80d02","weak",3,2,5,9,15,22,35,38,48,55,27,52,43,36,24,17,18,19,25,13,9,14,13,12,15,11,10,8,8,11,12
3,"mod3a","a24b2d80d02","weak",3,3,9,15,20,25,29,39,40,29,33,38,40,40,36,34,27,37,23,21,19,19,15,13,10,15,13,12,7,15,9
4,"mod3a","a24b2d80d02","weak",3,3,7,15,29,42,45,39,36,36,39,25,24,27,24,24,19,18,31,17,26,27,18,15,15,19,11,14,8,8,4
5,"mod3a","a24b2d80d02","weak",3,2,5,10,14,19,36,38,41,29,25,40,38,35,33,30,26,19,31,25,28,23,23,16,13,14,9,13,14,11,10
6,"mod3a","a24b2d80d02","weak",3,3,8,23,24,39,43,41,42,30,35,43,27,29,21,21,26,23,26,12,15,24,14,16,11,9,8,7,13,14,12
7,"mod3a","a24b2d80d02","weak",3,5,9,11,20,29,34,35,35,32,31,35,32,21,26,27,36,31,24,18,12,23,22,21,12,14,16,16,11,6,9
8,"mod3a","a24b2d80d02","weak",3,6,13,17,26,33,38,43,29,28,34,33,29,33,30,25,22,23,17,16,21,22,23,17,10,9,13,10,9,13,6
9,"mod3a","a24b2d80d02","weak",3,3,2,5,10,13,22,39,36,39,46,34,30,36,28,31,29,23,26,21,21,18,17,15,18,10,15,16,15,15,9
10,"mod3a","a24b2d80d02","weak",3,2,5,13,21,23,35,32,27,32,40,38,37,30,33,32,26,27,23,17,17,18,11,9,13,17,15,8,9,11,15
11,"mod3a","a24b2d80d02","weak",3,3,2,6,12,21,30,33,42,37,29,31,34,27,30,23,12,18,26,27,15,19,23,19,18,18,15,19,22,8,13
12,"mod3a","a24b2d80d02","weak",3,4,5,10,14,21,31,29,46,39,51,40,43,31,28,18,27,28,23,16,12,14,11,12,8,19,17,16,20,19,15
13,"mod3a","a24b2d80d02","weak",3,6,7,9,20,28,37,41,41,29,31,38,32,34,23,31,25,22,17,21,16,17,12,19,16,20,11,26,11,8,11
14,"mod3a","a24b2d80d02","weak",3,7,10,18,26,30,35,45,38,37,35,34,37,35,29,32,16,23,27,18,21,9,16,13,14,15,9,10,7,5,10
15,"mod3a","a24b2d80d02","weak",3,7,9,16,13,34,33,34,31,48,33,41,35,33,30,31,19,21,28,24,23,17,22,17,18,16,13,13,9,14,14
16,"mod3a","a24b2d80d02","weak",3,4,5,9,15,22,33,34,35,37,26,39,34,32,29,35,38,38,26,24,31,20,20,18,24,12,22,14,15,13,9
17,"mod3a","a24b2d80d02","weak",3,6,4,14,33,43,36,43,37,35,32,27,26,35,29,27,26,22,29,21,19,18,23,12,13,15,16,15,7,9,5
18,"mod3a","a24b2d80d02","weak",3,7,8,8,25,21,27,41,35,25,31,25,30,46,34,29,27,22,24,12,22,20,25,15,13,11,15,15,10,11,11
19,"mod3a","a24b2d80d02","weak",3,7,8,22,31,44,47,39,40,36,46,35,36,23,21,19,20,24,21,15,13,12,10,13,11,12,7,12,7,10,11
20,"mod3a","a24b2d80d02","weak",3,2,5,9,16,29,37,45,42,43,44,34,28,35,31,21,25,22,8,19,20,16,21,19,18,9,16,17,13,11,8
1,"mod3a","a24b2d80d03","med",3,5,18,19,25,22,21,22,26,20,19,21,15,12,18,25,18,19,21,26,18,17,14,16,12,7,15,18,15,12,15
2,"mod3a","a24b2d80d03","med",3,2,5,9,12,19,24,28,40,34,30,34,32,31,18,15,15,20,12,15,15,20,18,10,11,13,19,12,10,8,9
3,"mod3a","a24b2d80d03","med",3,3,9,15,19,19,19,30,26,23,26,27,23,27,24,26,31,27,17,22,27,19,19,13,15,13,12,7,12,9,13
4,"mod3a","a24b2d80d03","med",3,3,7,14,24,34,30,27,23,19,24,23,21,18,16,24,17,18,21,18,12,18,17,16,14,8,15,15,14,11,9
5,"mod3a","a24b2d80d03","med",3,2,5,8,10,14,19,31,23,25,22,32,30,21,27,26,24,28,24,16,19,10,11,14,19,19,14,14,11,15,6
6,"mod3a","a24b2d80d03","med",3,3,8,22,29,29,23,31,23,26,27,23,25,24,20,17,23,18,15,20,20,13,14,9,17,19,14,16,13,10,11
7,"mod3a","a24b2d80d03","med",3,5,7,12,24,23,29,26,15,24,19,30,25,17,19,28,30,19,15,18,21,15,14,20,13,13,13,22,13,20,10
8,"mod3a","a24b2d80d03","med",3,6,12,17,21,20,23,23,22,27,20,30,22,31,20,20,22,16,21,29,22,14,15,13,17,17,11,16,5,5,5
9,"mod3a","a24b2d80d03","med",3,3,1,6,10,12,16,28,26,34,24,22,26,29,21,29,22,18,18,20,7,16,12,21,26,22,21,14,18,18,13
10,"mod3a","a24b2d80d03","med",3,2,5,12,20,22,29,26,21,23,30,22,32,25,20,19,21,27,20,13,16,10,11,20,15,12,5,17,14,13,16
11,"mod3a","a24b2d80d03","med",3,3,2,6,10,22,33,26,28,25,19,26,22,21,18,16,15,24,32,15,20,18,18,17,19,19,12,17,14,10,11
12,"mod3a","a24b2d80d03","med",3,4,5,10,12,18,33,25,41,27,32,27,27,31,25,18,24,14,11,17,21,21,15,20,12,13,17,13,11,18,7
13,"mod3a","a24b2d80d03","med",3,6,7,9,18,22,22,31,32,25,28,23,23,20,24,19,25,13,23,22,22,12,17,17,20,14,13,14,16,13,16
14,"mod3a","a24b2d80d03","med",3,7,10,17,23,26,28,45,36,31,27,27,29,26,23,16,15,23,16,16,17,15,20,12,12,11,7,8,8,7,5
15,"mod3a","a24b2d80d03","med",3,7,8,14,20,33,26,32,18,27,23,23,24,18,26,19,19,22,21,16,16,13,16,20,18,22,19,11,17,11,13
16,"mod3a","a24b2d80d03","med",3,4,5,9,14,18,20,24,34,30,26,28,23,25,32,33,32,26,20,29,17,15,21,15,14,14,9,9,12,5,12
17,"mod3a","a24b2d80d03","med",3,6,3,13,22,23,25,29,26,29,23,22,23,25,24,25,16,12,18,24,19,16,19,15,13,7,8,7,9,7,9
18,"mod3a","a24b2d80d03","med",3,7,8,8,20,25,29,31,24,20,24,19,23,30,28,21,29,22,15,17,21,15,20,22,17,18,12,14,15,10,7
19,"mod3a","a24b2d80d03","med",3,7,8,20,24,25,33,29,34,37,39,26,27,17,20,21,15,12,10,17,9,13,15,10,10,13,13,14,11,14,8
20,"mod3a","a24b2d80d03","med",3,2,4,7,8,25,30,31,28,23,33,25,27,32,23,15,17,16,20,15,22,21,18,17,16,11,19,22,15,13,5
1,"mod3a","a24b2d80d04","str",3,5,18,19,23,22,18,20,29,20,17,25,17,13,17,21,12,12,18,18,16,14,8,12,9,7,14,11,9,12,8
2,"mod3a","a24b2d80d04","str",3,2,5,7,12,20,23,23,31,19,20,24,28,20,15,14,17,18,16,13,16,14,11,19,17,15,10,13,12,20,7
3,"mod3a","a24b2d80d04","str",3,3,9,15,15,20,23,22,17,19,23,22,26,24,19,24,24,23,20,15,16,16,19,12,14,10,12,7,14,9,7
4,"mod3a","a24b2d80d04","str",3,3,7,13,21,27,33,19,24,11,20,18,13,15,21,14,20,13,17,12,14,17,14,18,13,14,12,14,6,8,8
5,"mod3a","a24b2d80d04","str",3,2,5,8,10,13,18,22,18,20,15,23,24,18,23,20,32,23,22,21,17,14,11,14,12,10,8,11,9,14,7
6,"mod3a","a24b2d80d04","str",3,3,8,21,26,21,21,25,24,23,28,14,23,20,16,15,18,15,14,14,11,13,7,18,15,21,23,15,6,6,12
7,"mod3a","a24b2d80d04","str",3,5,7,10,23,19,17,15,17,15,8,18,17,11,14,22,19,22,21,14,16,17,17,13,12,23,20,7,7,16,12
8,"mod3a","a24b2d80d04","str",3,6,12,16,20,21,17,19,21,21,19,21,23,19,19,16,12,17,19,22,17,14,12,14,11,15,10,7,9,9,9
9,"mod3a","a24b2d80d04","str",3,3,1,6,10,12,13,18,17,18,15,18,24,24,16,17,19,19,21,14,12,11,18,19,11,13,19,13,12,10,12
10,"mod3a","a24b2d80d04","str",3,2,5,12,18,14,16,16,18,20,27,20,31,25,23,25,22,16,12,8,5,10,18,13,12,11,13,8,18,22,10
11,"mod3a","a24b2d80d04","str",3,3,2,5,10,22,23,19,21,13,15,18,19,18,15,13,20,21,14,15,15,16,18,29,13,14,7,8,18,8,10
12,"mod3a","a24b2d80d04","str",3,4,5,10,12,17,32,19,25,21,23,25,26,27,19,14,14,12,10,15,15,14,8,15,15,12,17,17,17,11,11
13,"mod3a","a24b2d80d04","str",3,6,7,8,17,18,16,31,17,16,23,22,16,15,25,23,17,16,12,10,12,25,17,16,15,15,8,10,12,17,13
14,"mod3a","a24b2d80d04","str",3,7,10,17,22,23,24,30,19,21,19,23,20,22,18,11,18,14,15,12,15,19,8,7,14,10,8,10,10,18,14
15,"mod3a","a24b2d80d04","str",3,7,8,14,19,24,24,23,17,31,20,16,23,24,20,13,15,19,16,17,21,12,20,16,23,12,8,6,12,14,8
16,"mod3a","a24b2d80d04","str",3,4,5,9,12,16,23,24,28,24,24,18,20,14,13,14,14,11,23,17,18,15,17,21,11,13,4,12,14,11,8
17,"mod3a","a24b2d80d04","str",3,6,3,13,21,24,19,23,25,24,25,26,28,23,23,28,20,13,13,18,13,15,16,13,5,7,5,5,5,9,12
18,"mod3a","a24b2d80d04","str",3,7,8,8,19,21,21,24,16,13,14,16,22,25,22,26,19,16,14,16,15,15,15,13,12,18,12,10,10,6,12
19,"mod3a","a24b2d80d04","str",3,7,8,19,24,19,15,16,18,29,30,29,19,16,22,14,13,18,10,10,14,8,8,12,13,12,16,17,13,18,9
20,"mod3a","a24b2d80d04","str",3,2,4,7,7,18,25,26,17,21,32,18,21,20,19,14,11,19,20,19,11,21,13,14,21,20,11,13,10,7,9
1,"mod3b","a24b2d04d005","weak",3,5,19,22,26,34,33,39,42,47,36,36,23,32,26,39,35,27,24,20,13,18,19,18,8,14,11,9,14,11,8
2,"mod3b","a24b2d04d005","weak",3,2,5,9,15,22,37,47,62,47,29,32,38,42,36,22,19,27,32,19,19,17,18,17,11,15,9,14,11,10,5
3,"mod3b","a24b2d04d005","weak",3,3,9,16,24,33,45,52,40,32,34,33,38,43,40,26,18,32,30,27,17,21,19,17,13,8,13,14,11,15,10
4,"mod3b","a24b2d04d005","weak",3,3,7,16,33,45,64,55,36,30,35,32,32,28,25,19,22,15,16,32,13,16,17,24,12,17,16,12,9,13,15
5,"mod3b","a24b2d04d005","weak",3,2,5,10,14,19,37,36,37,28,40,39,31,30,37,35,31,29,36,25,26,27,28,23,19,18,21,13,7,13,6
6,"mod3b","a24b2d04d005","weak",3,3,8,23,24,44,49,48,57,38,27,41,27,29,25,33,33,27,23,22,19,10,17,12,12,13,9,16,8,7,7
7,"mod3b","a24b2d04d005","weak",3,5,9,12,23,26,38,49,37,41,33,35,36,33,25,34,32,29,23,18,18,23,24,14,15,15,14,12,15,15,10
8,"mod3b","a24b2d04d005","weak",3,6,13,17,27,39,55,47,40,22,31,29,42,37,39,24,24,25,18,18,22,19,20,23,16,10,12,14,9,10,7
9,"mod3b","a24b2d04d005","weak",3,3,2,5,11,21,37,50,50,43,42,36,33,34,28,25,30,28,23,22,24,21,14,17,13,13,10,14,14,14,13
10,"mod3b","a24b2d04d005","weak",3,2,5,13,21,24,41,49,48,34,37,43,39,42,30,29,28,24,26,22,15,22,23,11,16,9,9,9,8,6,9
11,"mod3b","a24b2d04d005","weak",3,3,2,6,12,22,31,34,53,43,35,35,26,37,34,20,17,25,28,29,28,18,14,17,19,17,14,17,17,22,19
12,"mod3b","a24b2d04d005","weak",3,4,5,11,15,27,34,42,52,44,53,31,44,33,28,31,24,27,16,11,13,16,17,14,16,16,21,18,13,13,21
13,"mod3b","a24b2d04d005","weak",3,6,7,9,20,29,31,57,43,34,50,45,32,25,26,32,26,26,19,18,25,19,16,20,17,12,16,17,9,8,11
14,"mod3b","a24b2d04d005","weak",3,7,10,19,31,51,51,50,35,33,22,35,37,35,30,36,21,24,28,25,27,17,23,9,8,12,9,12,7,5,6
15,"mod3b","a24b2d04d005","weak",3,7,10,16,22,35,39,39,38,42,38,39,33,33,29,34,22,17,24,29,25,27,21,16,16,21,18,16,12,9,9
16,"mod3b","a24b2d04d005","weak",3,4,5,10,15,22,38,41,49,47,43,35,35,27,25,32,31,33,34,21,24,21,24,18,14,12,19,12,15,7,12
17,"mod3b","a24b2d04d005","weak",3,6,5,13,35,46,40,45,46,39,33,36,35,35,36,24,18,23,18,19,19,23,21,23,11,10,12,12,8,8,6
18,"mod3b","a24b2d04d005","weak",3,7,8,10,26,30,32,44,42,42,41,21,28,39,44,29,29,36,21,23,24,28,23,12,17,12,14,10,8,16,9
19,"mod3b","a24b2d04d005","weak",3,7,9,24,34,37,50,48,36,45,37,32,37,28,22,25,29,26,25,15,18,16,13,12,20,12,15,8,10,9,5
20,"mod3b","a24b2d04d005","weak",3,2,6,10,19,39,52,53,35,35,39,30,22,29,32,31,14,19,20,24,27,24,14,17,21,23,18,23,15,7,16
1,"mod3b","a24b2d04d007","med",3,5,19,21,28,29,24,31,39,32,26,29,18,24,24,22,18,16,14,26,28,22,14,19,16,12,12,11,9,15,15
2,"mod3b","a24b2d04d007","med",3,2,5,9,15,21,28,32,44,34,33,34,33,32,27,21,14,17,20,15,20,18,17,16,11,8,14,17,15,19,15
3,"mod3b","a24b2d04d007","med",3,3,9,16,24,32,30,29,25,29,23,39,36,29,25,24,37,25,26,18,21,15,21,22,16,15,10,17,19,12,8
4,"mod3b","a24b2d04d007","med",3,3,7,16,30,48,40,29,29,25,27,27,29,22,19,17,18,16,26,24,19,17,18,21,19,17,12,14,10,14,12
5,"mod3b","a24b2d04d007","med",3,2,5,10,14,19,33,32,25,22,24,33,35,33,20,30,23,21,21,18,25,22,12,19,17,28,13,13,9,11,15
6,"mod3b","a24b2d04d007","med",3,3,8,22,33,34,33,41,36,26,30,39,19,21,14,21,22,19,12,11,15,16,17,19,10,14,18,20,8,11,15
7,"mod3b","a24b2d04d007","med",3,5,9,12,23,25,33,40,21,25,23,25,20,17,21,25,34,26,17,16,20,16,22,25,23,24,13,13,13,24,10
8,"mod3b","a24b2d04d007","med",3,6,13,17,24,38,39,27,27,25,24,28,23,30,26,21,22,25,21,22,26,20,8,12,8,11,9,16,12,10,10
9,"mod3b","a24b2d04d007","med",3,3,1,6,10,14,21,30,28,31,33,25,19,23,22,29,30,24,21,31,19,14,20,19,27,24,20,19,14,21,15
10,"mod3b","a24b2d04d007","med",3,2,5,13,21,23,37,36,30,24,23,22,37,35,25,20,19,20,24,25,15,11,12,14,15,16,11,7,11,10,9
11,"mod3b","a24b2d04d007","med",3,3,2,6,11,29,40,40,38,29,29,21,21,25,31,24,16,16,22,23,18,17,15,21,11,16,10,10,16,14,14
12,"mod3b","a24b2d04d007","med",3,4,5,10,15,21,33,25,39,28,35,31,27,25,25,27,24,24,24,20,21,17,17,20,18,20,21,11,11,10,11
13,"mod3b","a24b2d04d007","med",3,6,7,9,20,29,27,40,37,15,29,26,20,18,27,33,28,15,16,20,22,22,18,20,13,21,19,20,16,14,14
14,"mod3b","a24b2d04d007","med",3,7,10,18,28,42,38,45,25,28,27,24,26,24,25,23,15,23,25,20,25,13,18,24,18,7,13,8,8,11,13
15,"mod3b","a24b2d04d007","med",3,7,10,15,17,32,40,31,27,30,30,33,31,22,25,22,10,17,27,33,23,20,21,17,20,17,15,15,23,14,17
16,"mod3b","a24b2d04d007","med",3,4,5,9,14,19,27,33,38,39,29,27,30,28,20,28,25,27,21,17,19,18,25,31,25,16,16,14,9,8,8
17,"mod3b","a24b2d04d007","med",3,6,4,13,27,38,34,35,30,27,30,29,24,27,28,21,27,28,19,25,25,18,18,12,17,13,11,6,5,3,5
18,"mod3b","a24b2d04d007","med",3,7,8,9,24,19,24,26,44,30,33,19,23,33,23,24,33,24,20,18,20,20,25,24,19,24,14,12,11,15,14
19,"mod3b","a24b2d04d007","med",3,7,8,21,33,38,41,35,30,28,35,24,20,17,16,22,20,18,19,21,14,16,15,21,21,13,14,13,21,17,14
20,"mod3b","a24b2d04d007","med",3,2,5,9,16,29,43,38,32,24,29,30,23,26,21,14,17,21,20,24,24,26,18,24,14,11,9,11,19,18,9
1,"mod3b","a24b2d04d009","str",3,5,19,20,14,29,27,25,27,24,22,26,25,20,22,22,20,20,11,18,16,14,19,18,12,10,10,14,9,12,8
2,"mod3b","a24b2d04d009","str",3,2,5,8,14,25,34,34,33,27,24,23,21,21,18,17,12,24,13,18,19,18,10,10,16,17,16,16,11,12,9
3,"mod3b","a24b2d04d009","str",3,3,9,15,20,21,19,30,23,24,18,16,20,17,27,28,31,21,19,14,19,23,19,13,20,18,13,10,14,13,13
4,"mod3b","a24b2d04d009","str",3,3,7,16,29,40,35,27,23,18,16,31,25,22,19,25,14,17,21,18,10,16,22,20,16,14,8,11,9,10,12
5,"mod3b","a24b2d04d009","str",3,2,5,9,15,23,29,30,27,19,20,27,26,26,21,19,22,27,21,16,23,14,17,9,18,16,17,18,10,20,15
6,"mod3b","a24b2d04d009","str",3,3,8,21,29,25,30,35,26,19,30,28,17,20,15,16,19,17,15,27,22,25,11,8,13,19,12,14,20,12,7
7,"mod3b","a24b2d04d009","str",3,5,8,13,26,23,22,23,25,25,20,26,24,18,21,24,23,14,11,16,13,14,24,25,14,14,9,19,15,18,9
8,"mod3b","a24b2d04d009","str",3,6,13,15,27,27,33,26,20,22,19,25,23,27,17,14,19,16,14,22,26,17,15,10,12,14,11,17,11,8,6
9,"mod3b","a24b2d04d009","str",3,3,1,6,10,14,19,24,26,25,27,13,16,18,23,23,20,21,19,15,23,18,22,19,19,11,20,26,22,16,9
10,"mod3b","a24b2d04d009","str",3,2,5,13,21,22,30,24,21,15,19,22,34,29,22,17,19,21,16,14,5,12,14,22,13,9,17,15,14,16,20
11,"mod3b","a24b2d04d009","str",3,3,2,6,9,20,24,34,34,21,14,19,18,14,20,18,18,25,20,14,13,19,17,12,18,15,17,23,18,17,13
12,"mod3b","a24b2d04d009","str",3,4,5,10,14,19,28,21,36,29,25,23,19,25,23,21,21,15,18,15,23,13,16,10,22,20,15,15,16,15,16
13,"mod3b","a24b2d04d009","str",3,6,7,9,20,28,27,32,25,20,23,23,22,15,26,24,23,10,17,18,22,20,22,15,10,12,16,11,15,18,14
14,"mod3b","a24b2d04d009","str",3,7,10,17,23,32,31,34,24,24,14,25,26,23,22,12,20,23,26,12,13,13,13,13,8,11,13,5,12,14,17
15,"mod3b","a24b2d04d009","str",3,7,10,15,17,26,31,26,18,25,18,17,23,19,18,16,16,19,23,18,16,17,18,16,20,16,14,20,12,13,14
16,"mod3b","a24b2d04d009","str",3,4,5,9,14,18,26,35,34,34,20,22,12,26,25,20,23,26,16,19,16,18,21,24,21,15,13,8,7,7,13
17,"mod3b","a24b2d04d009","str",3,6,3,14,21,26,27,21,22,22,21,22,25,27,25,24,19,17,22,25,21,14,17,13,12,10,9,9,7,13,15
18,"mod3b","a24b2d04d009","str",3,7,8,9,21,26,29,20,17,20,30,19,21,30,24,15,15,16,15,13,16,21,20,15,22,22,20,19,11,8,8
19,"mod3b","a24b2d04d009","str",3,7,8,21,30,29,36,29,29,23,34,27,17,16,13,19,21,16,12,15,14,11,12,15,12,8,13,11,19,15,14
20,"mod3b","a24b2d04d009","str",3,2,5,9,15,22,24,31,32,22,25,18,16,18,22,15,24,18,15,17,19,12,19,11,15,18,16,17,15,16,14
1,"mod4a","a24b2d3d05","str",3,5,20,23,32,34,22,15,19,20,19,28,27,23,19,15,20,20,19,20,25,16,20,13,14,16,12,17,21,25,15
2,"mod4a","a24b2d3d05","str",3,2,5,9,16,29,50,42,24,6,7,29,48,45,17,4,7,20,31,31,24,12,9,7,8,21,21,16,20,15,13
3,"mod4a","a24b2d3d05","str",3,3,9,17,30,46,44,22,9,11,18,33,44,34,12,9,16,28,34,32,12,8,14,18,23,20,19,12,10,9,10
4,"mod4a","a24b2d3d05","str",3,3,7,17,30,58,52,11,6,6,19,31,42,35,13,9,6,18,19,31,28,12,13,16,12,16,9,18,24,13,14
5,"mod4a","a24b2d3d05","str",3,2,5,10,16,27,34,24,19,8,10,39,53,32,9,10,14,34,38,34,19,6,8,18,25,25,20,11,8,8,15
6,"mod4a","a24b2d3d05","str",3,3,8,23,30,47,28,18,12,11,34,43,31,17,5,10,25,36,31,22,7,9,12,13,21,30,18,12,12,8,13
7,"mod4a","a24b2d3d05","str",3,5,9,13,34,44,42,16,4,7,19,32,45,26,11,8,17,25,23,27,21,12,15,15,28,23,14,10,17,21,21
8,"mod4a","a24b2d3d05","str",3,6,13,18,34,38,30,15,13,14,22,42,36,22,12,9,14,23,27,34,30,8,9,10,12,16,19,20,21,11,9
9,"mod4a","a24b2d3d05","str",3,3,3,5,9,17,43,70,34,3,6,5,22,32,39,25,11,11,13,24,28,21,19,8,9,16,18,22,21,23,18
10,"mod4a","a24b2d3d05","str",3,2,5,15,23,46,47,25,7,6,19,44,65,30,9,2,4,24,24,20,19,12,11,11,26,29,19,9,7,15,13
11,"mod4a","a24b2d3d05","str",3,3,2,7,13,25,50,48,18,4,5,19,28,35,28,9,5,19,32,37,22,10,10,14,20,29,33,13,10,6,15
12,"mod4a","a24b2d3d05","str",3,4,6,16,30,47,33,21,13,8,24,35,42,28,13,10,11,22,23,21,22,25,11,13,12,22,21,16,15,14,15
13,"mod4a","a24b2d3d05","str",3,6,7,12,31,41,40,25,8,4,19,40,51,24,8,6,11,28,33,34,10,5,11,24,22,21,15,12,15,15,13
14,"mod4a","a24b2d3d05","str",3,7,10,21,43,56,23,18,6,18,28,41,33,16,7,5,17,30,30,28,8,4,9,16,17,17,12,19,20,11,13
15,"mod4a","a24b2d3d05","str",3,7,10,16,27,46,42,19,7,8,15,33,45,35,15,5,11,28,28,36,19,8,6,12,20,24,23,14,12,13,10
16,"mod4a","a24b2d3d05","str",3,4,5,11,17,31,42,31,22,11,12,30,34,34,14,15,20,26,24,24,11,14,25,23,23,19,9,6,16,7,18
17,"mod4a","a24b2d3d05","str",3,6,5,15,39,53,37,14,8,11,18,30,43,41,14,4,10,23,26,37,29,6,5,12,20,15,11,10,9,10,12
18,"mod4a","a24b2d3d05","str",3,7,8,12,28,42,45,24,7,7,17,29,44,51,18,6,7,10,29,33,26,14,8,11,26,25,26,12,6,15,13
19,"mod4a","a24b2d3d05","str",3,7,10,26,41,44,28,12,10,23,49,47,21,4,4,21,29,30,20,11,6,11,23,20,23,13,10,12,12,14,18
20,"mod4a","a24b2d3d05","str",3,2,6,10,21,38,51,25,4,7,22,31,42,33,15,7,7,15,27,36,25,13,11,13,10,21,14,25,22,11,12
1,"mod4a","a24b2d3d075","med",3,5,20,23,35,58,53,39,28,20,16,24,38,38,29,24,21,23,23,30,27,22,26,29,15,13,13,14,13,19,16
2,"mod4a","a24b2d3d075","med",3,2,5,9,16,29,57,74,57,18,8,19,38,71,59,13,7,6,19,22,23,18,26,23,16,15,23,17,15,12,14
3,"mod4a","a24b2d3d075","med",3,3,9,17,30,55,65,37,20,16,19,34,59,51,24,11,16,28,43,35,27,17,13,17,15,16,17,18,19,15,12
4,"mod4a","a24b2d3d075","med",3,3,7,17,30,61,89,38,14,9,11,34,46,43,23,14,21,23,25,36,21,27,22,20,15,23,12,21,20,13,17
5,"mod4a","a24b2d3d075","med",3,2,5,10,16,27,37,45,46,32,16,26,34,51,53,36,11,15,25,33,33,27,22,28,13,18,15,18,13,21,19
6,"mod4a","a24b2d3d075","med",3,3,8,23,32,54,64,35,24,17,23,47,52,28,17,14,28,34,28,26,9,17,28,21,24,14,15,13,15,10,15
7,"mod4a","a24b2d3d075","med",3,5,9,13,34,52,66,42,14,10,23,35,57,49,9,13,29,36,43,27,7,7,11,24,16,7,15,16,17,22,22
8,"mod4a","a24b2d3d075","med",3,6,13,18,36,57,49,40,12,18,32,29,55,36,30,19,16,24,26,23,22,24,27,34,16,10,11,18,9,11,11
9,"mod4a","a24b2d3d075","med",3,3,3,5,9,18,45,61,60,27,17,15,20,46,47,31,22,17,22,33,35,36,24,9,16,17,16,13,17,17,21
10,"mod4a","a24b2d3d075","med",3,2,5,15,23,48,65,55,17,13,24,37,53,47,30,15,13,22,32,30,25,21,15,8,19,14,11,13,12,14,15
11,"mod4a","a24b2d3d075","med",3,3,2,7,13,25,55,69,50,17,10,13,29,48,58,24,10,9,13,30,33,35,19,15,18,21,19,20,19,15,22
12,"mod4a","a24b2d3d075","med",3,4,6,16,30,51,54,37,18,16,28,44,57,40,22,13,12,27,41,30,20,16,17,21,27,25,12,17,10,6,12
13,"mod4a","a24b2d3d075","med",3,6,7,12,32,47,66,57,18,11,10,38,53,59,21,9,18,22,34,36,28,23,18,16,26,19,13,17,12,19,10
14,"mod4a","a24b2d3d075","med",3,7,10,21,43,69,58,31,7,17,28,48,58,33,18,10,18,25,35,30,31,16,18,16,22,22,12,20,24,9,6
15,"mod4a","a24b2d3d075","med",3,7,10,16,28,52,71,36,14,13,21,42,48,51,20,18,10,20,30,40,31,22,11,16,16,23,16,13,19,15,7
16,"mod4a","a24b2d3d075","med",3,4,5,11,17,31,53,57,41,23,12,19,44,61,45,25,14,16,31,30,27,30,24,13,16,17,26,19,15,17,17
17,"mod4a","a24b2d3d075","med",3,6,5,15,40,57,63,40,18,11,25,42,50,44,19,17,15,30,33,34,23,15,19,23,19,19,15,17,14,15,15
18,"mod4a","a24b2d3d075","med",3,7,8,12,28,43,65,46,17,6,15,24,43,58,43,18,9,22,23,31,30,27,19,23,19,20,22,16,20,24,8
19,"mod4a","a24b2d3d075","med",3,7,10,26,41,55,67,27,17,22,25,48,49,35,12,11,20,30,39,26,23,12,12,11,19,12,18,16,13,12,9
20,"mod4a","a24b2d3d075","med",3,2,6,10,21,39,64,76,26,11,14,31,39,54,35,21,15,11,21,27,31,33,17,12,22,18,21,20,19,11,17
1,"mod4a","a24b2d3d10","weak",3,5,20,23,35,66,65,52,31,26,31,46,62,30,25,22,35,30,33,25,18,14,21,22,17,16,18,14,14,19,7
2,"mod4a","a24b2d3d10","weak",3,2,5,9,16,29,59,80,91,35,12,16,37,59,61,45,16,9,19,23,27,15,15,19,17,15,15,15,17,13,11
3,"mod4a","a24b2d3d10","weak",3,3,9,17,31,54,77,58,25,20,22,40,61,54,47,21,13,24,33,44,40,24,21,13,17,17,8,13,8,6,11
4,"mod4a","a24b2d3d10","weak",3,3,7,17,30,61,102,72,17,13,15,43,60,60,35,17,13,23,35,32,21,16,25,22,10,17,14,13,10,13,7
5,"mod4a","a24b2d3d10","weak",3,2,5,10,16,27,39,55,62,55,35,23,31,53,56,52,35,25,14,27,36,33,24,18,18,18,18,17,13,14,5
6,"mod4a","a24b2d3d10","weak",3,3,8,23,32,56,89,70,38,18,17,41,61,50,35,11,22,30,41,32,22,23,21,22,16,12,8,9,11,9,2
7,"mod4a","a24b2d3d10","weak",3,5,9,13,34,53,82,76,31,11,26,22,52,55,51,24,21,18,44,31,37,18,15,13,11,17,9,6,14,11,6
8,"mod4a","a24b2d3d10","weak",3,6,13,19,34,58,80,67,29,14,21,33,62,46,41,25,23,20,27,31,26,24,16,16,14,17,21,19,17,16,12
9,"mod4a","a24b2d3d10","weak",3,3,3,5,9,18,45,64,91,49,23,18,21,47,58,50,28,24,19,23,32,26,33,20,25,20,11,9,9,10,7
10,"mod4a","a24b2d3d10","weak",3,2,5,15,23,49,72,77,38,19,17,39,54,58,41,22,21,29,34,26,29,26,17,14,19,10,14,12,12,4,9
11,"mod4a","a24b2d3d10","weak",3,3,2,7,13,25,55,75,79,30,8,17,32,37,59,53,27,15,22,21,39,28,29,30,16,15,17,21,12,14,10
12,"mod4a","a24b2d3d10","weak",3,4,6,16,30,52,73,67,40,23,25,38,49,56,41,28,26,21,24,24,27,31,21,12,18,10,12,7,15,15,3
13,"mod4a","a24b2d3d10","weak",3,6,7,12,32,49,78,79,40,14,14,34,51,57,37,28,17,34,36,30,29,17,24,22,21,20,16,15,10,8,7
14,"mod4a","a24b2d3d10","weak",3,7,10,21,43,75,87,51,17,22,24,46,68,51,24,19,20,33,35,25,18,21,19,20,18,13,10,13,6,6,2
15,"mod4a","a24b2d3d10","weak",3,7,10,16,28,56,75,64,30,12,36,48,63,48,32,17,31,33,28,22,26,23,28,23,20,19,26,10,6,7,5
16,"mod4a","a24b2d3d10","weak",3,4,5,11,17,32,45,64,60,42,22,23,40,57,54,35,29,25,26,31,37,37,21,16,23,25,9,13,10,8,8
17,"mod4a","a24b2d3d10","weak",3,6,5,15,40,60,93,65,23,12,24,37,47,48,51,23,20,28,27,33,21,24,23,18,21,15,11,11,13,13,8
18,"mod4a","a24b2d3d10","weak",3,7,8,13,28,47,73,62,37,16,23,41,47,56,52,38,21,17,25,34,26,19,19,23,12,17,14,19,7,12,10
19,"mod4a","a24b2d3d10","weak",3,7,10,26,43,58,87,45,26,29,30,54,54,45,17,14,28,34,37,24,28,24,15,15,12,13,7,8,7,6,7
20,"mod4a","a24b2d3d10","weak",3,2,6,10,22,42,74,98,42,22,14,25,42,56,49,27,23,19,16,23,22,27,32,26,22,19,13,11,11,10,8
1,"mod4b","a24b2d3d15","med",3,5,20,23,35,63,46,11,7,11,24,38,48,35,13,5,19,26,34,34,28,21,11,16,13,26,34,27,14,10,10
2,"mod4b","a24b2d3d15","med",3,2,5,9,16,29,58,76,38,0,1,13,36,50,55,22,1,5,24,24,26,32,26,21,19,17,22,14,25,17,22
3,"mod4b","a24b2d3d15","med",3,3,9,17,31,54,66,31,2,3,13,35,48,70,32,2,1,16,30,29,32,32,16,11,17,25,30,24,14,17,12
4,"mod4b","a24b2d3d15","med",3,3,7,17,30,61,91,26,2,1,10,22,26,36,47,30,19,8,15,24,37,45,17,6,5,21,20,23,19,23,15
5,"mod4b","a24b2d3d15","med",3,2,5,10,16,27,38,46,34,15,9,27,49,59,41,8,4,19,45,45,40,14,4,8,20,21,15,26,26,13,14
6,"mod4b","a24b2d3d15","med",3,3,8,23,32,54,67,24,2,5,28,53,48,32,6,6,17,37,44,27,17,11,22,22,25,23,15,27,20,17,15
7,"mod4b","a24b2d3d15","med",3,5,9,13,34,52,71,30,1,4,15,35,40,46,20,5,16,38,41,23,12,11,16,18,23,25,23,25,18,14,20
8,"mod4b","a24b2d3d15","med",3,6,13,18,36,58,59,24,3,4,19,22,36,45,48,17,2,6,20,18,41,50,26,6,4,7,15,15,23,28,21
9,"mod4b","a24b2d3d15","med",3,3,3,5,9,18,45,63,62,7,2,7,25,40,43,40,20,11,15,26,42,38,17,11,8,15,24,25,32,23,21
10,"mod4b","a24b2d3d15","med",3,2,5,15,23,48,66,54,7,0,12,43,53,64,21,1,2,25,23,25,30,22,14,18,19,21,17,26,17,12,14
11,"mod4b","a24b2d3d15","med",3,3,2,7,13,25,55,69,40,5,2,10,33,47,57,22,6,4,23,39,43,19,12,15,21,32,24,15,21,24,28
12,"mod4b","a24b2d3d15","med",3,4,6,16,30,51,61,32,8,6,17,48,61,49,13,1,6,29,21,24,24,22,24,26,23,26,16,17,18,25,20
13,"mod4b","a24b2d3d15","med",3,6,7,12,32,47,72,54,6,0,3,34,27,39,36,25,17,19,20,32,40,29,19,9,9,28,29,19,19,24,16
14,"mod4b","a24b2d3d15","med",3,7,10,21,43,72,57,14,1,4,20,32,43,51,25,12,5,13,29,29,31,23,21,17,25,24,20,21,16,12,15
15,"mod4b","a24b2d3d15","med",3,7,10,16,28,53,68,31,6,2,19,46,48,49,11,3,13,31,35,42,34,8,8,16,27,22,20,18,21,25,20
16,"mod4b","a24b2d3d15","med",3,4,5,11,17,32,45,58,36,6,2,13,37,41,61,39,3,3,14,37,41,34,21,13,17,19,25,28,23,12,10
17,"mod4b","a24b2d3d15","med",3,6,5,15,40,59,62,21,1,7,30,45,51,47,9,3,16,26,34,34,27,20,12,12,21,24,27,16,15,13,12
18,"mod4b","a24b2d3d15","med",3,7,8,12,28,44,66,48,4,1,8,31,37,55,43,8,5,16,34,44,30,15,12,18,24,22,28,22,17,17,15
19,"mod4b","a24b2d3d15","med",3,7,10,26,42,58,67,14,0,5,37,43,63,35,4,2,13,30,31,32,23,12,18,20,31,20,15,11,12,12,10
20,"mod4b","a24b2d3d15","med",3,2,6,10,22,42,74,78,9,1,2,28,19,35,45,34,17,7,11,37,42,32,21,6,14,13,23,22,20,20,17
1,"mod4b","a24b2d3d20","weak",3,5,20,23,35,67,70,42,10,9,19,48,62,59,17,4,16,32,29,29,26,25,30,24,23,29,10,10,16,9,5
2,"mod4b","a24b2d3d20","weak",3,2,5,9,16,29,60,83,84,16,5,8,43,60,60,40,8,4,19,36,23,21,23,21,24,23,15,15,15,17,10
3,"mod4b","a24b2d3d20","weak",3,3,9,17,31,54,79,68,14,2,8,47,54,73,48,11,2,18,49,39,32,24,15,16,13,21,9,16,11,13,12
4,"mod4b","a24b2d3d20","weak",3,3,7,17,30,61,104,74,2,1,9,43,38,56,55,17,8,20,24,22,35,37,21,31,16,19,27,13,12,14,10
5,"mod4b","a24b2d3d20","weak",3,2,5,10,16,27,39,56,60,46,16,15,34,70,64,36,16,6,27,43,39,33,30,23,18,25,20,21,5,6,9
6,"mod4b","a24b2d3d20","weak",3,3,8,23,32,56,94,63,11,0,13,60,57,56,25,6,13,40,32,29,34,17,16,18,23,20,20,18,18,9,10
7,"mod4b","a24b2d3d20","weak",3,5,9,13,34,53,85,86,9,1,3,26,29,39,46,50,23,21,25,35,33,16,24,17,20,19,14,17,13,13,11
8,"mod4b","a24b2d3d20","weak",3,6,13,19,34,59,89,63,4,3,11,37,49,48,50,30,12,18,36,29,34,26,17,26,23,24,26,18,15,7,7
9,"mod4b","a24b2d3d20","weak",3,3,3,5,9,18,45,64,95,53,7,2,7,38,43,46,57,25,13,16,24,30,32,33,22,18,20,19,16,12,11
10,"mod4b","a24b2d3d20","weak",3,2,5,15,23,49,74,78,25,3,4,41,48,57,58,17,11,17,34,35,37,33,19,17,18,13,12,11,8,6,5
11,"mod4b","a24b2d3d20","weak",3,3,2,7,13,25,55,78,77,17,1,7,37,41,52,61,18,10,13,26,25,37,42,15,21,15,22,16,14,15,18
12,"mod4b","a24b2d3d20","weak",3,4,6,16,30,52,74,69,22,7,8,41,50,68,43,15,10,21,33,43,32,20,16,9,18,20,16,16,19,14,6
13,"mod4b","a24b2d3d20","weak",3,6,7,12,32,49,79,88,20,4,6,40,51,51,44,16,21,24,36,36,29,25,17,22,27,16,19,16,13,13,10
14,"mod4b","a24b2d3d20","weak",3,7,10,21,43,75,94,42,2,3,20,35,49,66,42,15,7,16,26,21,25,38,30,27,18,21,14,15,18,6,5
15,"mod4b","a24b2d3d20","weak",3,7,10,16,28,57,77,69,15,3,12,40,52,70,49,9,10,18,31,31,32,23,23,24,16,20,18,20,10,12,9
16,"mod4b","a24b2d3d20","weak",3,4,5,11,17,32,46,71,72,24,4,11,47,54,72,47,8,8,23,43,36,39,20,18,24,18,13,13,18,8,11
17,"mod4b","a24b2d3d20","weak",3,6,5,15,40,61,94,58,5,1,19,41,44,50,43,26,21,21,35,24,40,20,24,23,18,20,24,17,8,14,8
18,"mod4b","a24b2d3d20","weak",3,7,8,13,28,47,74,65,21,5,13,31,50,75,76,17,2,4,34,23,21,28,23,20,27,19,16,22,20,14,13
19,"mod4b","a24b2d3d20","weak",3,7,10,26,43,59,85,35,5,9,30,60,70,48,8,2,18,32,26,35,33,19,17,14,18,15,15,13,13,16,10
20,"mod4b","a24b2d3d20","weak",3,2,6,10,22,42,74,105,25,7,5,23,30,40,52,51,34,10,13,17,25,28,28,32,25,18,22,15,19,17,12
1,"mod4b","a24b2d3d10","str",3,5,20,23,34,40,8,3,9,28,39,53,10,0,1,15,21,21,27,27,15,5,10,13,11,14,21,35,25,9,2
2,"mod4b","a24b2d3d10","str",3,2,5,9,16,29,53,40,5,1,0,32,29,46,20,3,6,7,14,20,27,30,16,7,10,16,28,30,13,7,16
3,"mod4b","a24b2d3d10","str",3,3,9,17,30,48,41,4,1,4,23,33,48,21,2,1,9,26,34,34,16,3,3,13,25,31,30,12,2,5,10
4,"mod4b","a24b2d3d10","str",3,3,7,17,29,55,49,4,1,1,18,21,42,39,11,3,5,25,35,40,15,0,3,14,15,13,29,21,7,9,10
5,"mod4b","a24b2d3d10","str",3,2,5,10,16,27,34,20,9,2,7,28,42,46,14,0,1,19,27,35,32,5,2,8,21,18,18,19,13,10,23
6,"mod4b","a24b2d3d10","str",3,3,8,23,30,48,26,4,4,4,36,44,46,10,1,2,19,16,31,41,12,3,3,18,21,21,28,15,8,7,17
7,"mod4b","a24b2d3d10","str",3,5,9,13,34,46,33,5,1,4,22,38,43,18,3,1,16,18,21,28,22,16,7,12,13,22,20,24,17,8,10
8,"mod4b","a24b2d3d10","str",3,6,13,18,36,45,25,2,1,12,28,35,38,18,3,3,11,14,16,38,35,14,3,3,24,25,26,21,7,5,15
9,"mod4b","a24b2d3d10","str",3,3,3,5,9,18,45,55,15,4,0,6,17,22,29,32,22,8,8,18,21,26,16,15,18,17,17,20,22,19,11
10,"mod4b","a24b2d3d10","str",3,2,5,15,23,47,52,12,0,0,12,21,28,54,30,4,2,5,17,14,24,18,20,25,15,15,12,20,21,18,19
11,"mod4b","a24b2d3d10","str",3,3,2,7,13,25,54,53,5,1,2,20,22,31,38,10,4,9,20,25,22,17,15,16,12,23,20,20,13,9,18
12,"mod4b","a24b2d3d10","str",3,4,6,16,30,49,29,4,3,4,37,39,47,6,0,4,27,24,17,33,14,7,19,19,38,29,4,3,13,12,20
13,"mod4b","a24b2d3d10","str",3,6,7,12,31,43,50,7,1,2,15,22,31,34,21,4,6,6,32,28,33,14,3,5,18,20,29,26,14,6,9
14,"mod4b","a24b2d3d10","str",3,7,10,21,43,61,12,1,0,12,20,30,53,26,4,0,4,34,31,32,20,1,3,13,10,13,15,14,22,16,21
15,"mod4b","a24b2d3d10","str",3,7,10,16,27,48,43,5,1,5,26,28,46,22,1,2,13,31,37,31,5,1,4,21,17,25,24,16,8,8,13
16,"mod4b","a24b2d3d10","str",3,4,5,11,17,31,46,36,5,0,3,20,20,35,47,14,3,3,14,32,35,38,5,0,7,17,24,15,15,14,15
17,"mod4b","a24b2d3d10","str",3,6,5,15,39,54,25,2,0,14,36,51,37,3,1,6,23,24,32,22,6,4,10,22,17,18,16,13,15,17,24
18,"mod4b","a24b2d3d10","str",3,7,8,12,28,42,42,10,0,2,22,31,46,37,3,2,3,26,17,30,30,14,3,10,24,29,23,15,1,15,17
19,"mod4b","a24b2d3d10","str",3,7,10,26,41,47,18,1,0,16,35,46,28,3,1,7,23,21,30,15,7,12,13,12,20,35,23,10,7,4,12
20,"mod4b","a24b2d3d10","str",3,2,6,10,21,38,53,33,0,0,5,27,25,38,27,3,6,10,30,44,28,6,3,5,22,17,34,32,5,6,7
